
0	1	0	100
1	1	0	100
2	1	0	100
3	1	5	95
4	0	0	100
5	1	0	100
6	1	0	100
7	1	0	100
8	1	0	100
9	0	0	100
10	1	0	100
11	1	0	100
12	1	0	100
13	1	0	100
14	0	0	100
15	1	0	100
16	1	30	70
17	1	5	95
18	1	23	77
19	1	0	100
20	1	0	100
21	1	2	98
22	1	0	100
23	1	1	99
24	1	0	100
25	1	4	96
26	1	17	83
27	1	0	100
28	1	0	100
29	1	0	100
30	1	0	100
31	1	0	100
32	1	0	100
33	1	0	100
34	1	0	100
35	1	0	100
36	1	19	81
37	1	0	100
38	1	0	100
39	1	0	100
40	1	3	97
41	1	0	100
42	1	0	100
43	1	0	100
44	1	0	100
45	1	3	97
46	1	0	100
47	1	0	100
48	1	0	100
49	1	0	100
50	1	0	100
51	1	0	100
52	1	0	100
53	1	0	100
54	1	0	100
55	1	5	95
56	1	54	46
57	1	0	100
58	1	11	89
59	1	0	100
60	1	0	100
61	1	0	100
62	1	0	100
63	1	1	99
64	1	0	100
65	1	3	97
66	1	0	100
67	1	8	92
68	1	0	100
69	1	0	100
70	1	0	100
71	1	0	100
72	1	0	100
73	1	0	100
74	1	0	100
75	1	0	100
76	1	0	100
77	1	0	100
78	1	0	100
79	1	0	100
80	1	7	93
81	1	5	95
82	0	0	100
83	1	0	100
84	1	1	99
85	1	2	98
86	1	0	100
87	1	0	100
88	1	0	100
89	1	0	100
90	1	0	100
91	1	2	98
92	1	32	68
93	1	2	98
94	1	0	100
95	1	0	100
96	1	0	100
97	1	2	98
98	1	0	100
99	1	0	100
100	1	10	90
101	1	0	100
102	1	1	99
103	1	0	100
104	1	0	100
105	1	0	100
106	1	0	100
107	1	0	100
108	1	0	100
109	1	0	100
110	1	0	100
111	1	0	100
112	1	0	100
113	1	0	100
114	1	1	99
115	1	0	100
116	1	0	100
117	1	0	100
118	1	4	96
119	1	0	100
120	1	0	100
121	1	0	100
122	1	0	100
123	1	0	100
124	1	0	100
125	1	0	100
126	1	1	99
127	1	0	100
128	1	0	100
129	1	0	100
130	1	0	100
131	1	0	100
132	1	7	93
133	1	0	100
134	1	0	100
135	1	0	100
136	1	0	100
137	1	0	100
138	1	0	100
139	1	0	100
140	1	0	100
141	1	0	100
142	1	0	100
143	1	0	100
144	1	0	100
145	1	0	100
146	1	0	100
147	1	2	98
148	1	0	100
149	1	0	100
150	1	0	100
151	0	0	100
152	1	0	100
153	1	0	100
154	1	0	100
155	1	0	100
156	1	0	100
157	1	0	100
158	1	0	100
159	1	3	97
160	1	0	100
161	1	0	100
162	1	0	100
163	1	0	100
164	1	0	100
165	0	0	100
166	1	0	100
167	1	0	100
168	1	1	99
169	1	1	99
170	1	0	100
171	1	0	100
172	1	0	100
173	1	0	100
174	0	1	99
175	1	0	100
176	1	0	100
177	1	0	100
178	1	0	100
179	1	0	100
180	1	0	100
181	1	0	100
182	1	0	100
183	1	0	100
184	1	0	100
185	1	3	97
186	1	0	100
187	1	0	100
188	1	0	100
189	1	0	100
190	1	22	78
191	1	0	100
192	1	0	100
193	1	1	99
194	1	0	100
195	1	0	100
196	1	10	90
197	1	0	100
198	1	0	100
199	1	0	100
200	1	0	100
201	1	0	100
202	1	0	100
203	1	0	100
204	1	0	100
205	1	1	99
206	1	0	100
207	1	0	100
208	1	0	100
209	1	0	100
210	1	0	100
211	1	0	100
212	0	0	100
213	1	0	100
214	1	0	100
215	1	0	100
216	1	0	100
217	1	0	100
218	1	0	100
219	1	0	100
220	1	0	100
221	1	1	99
222	1	0	100
223	1	0	100
224	1	0	100
225	1	0	100
226	1	0	100
227	1	1	99
228	1	4	96
229	1	1	99
230	0	0	100
231	0	1	99
232	1	0	100
233	1	0	100
234	1	71	29
235	1	2	98
236	1	0	100
237	1	0	100
238	1	0	100
239	1	0	100
240	1	0	100
241	1	0	100
242	1	45	55
243	1	0	100
244	1	0	100
245	1	0	100
246	1	0	100
247	1	0	100
248	0	0	100
249	1	0	100
250	1	0	100
251	1	55	45
252	1	0	100
253	1	1	99
254	1	0	100
255	1	0	100
256	1	8	92
257	1	0	100
258	1	0	100
259	1	0	100
260	1	0	100
261	1	19	81
262	1	0	100
263	1	0	100
264	1	0	100
265	0	0	100
266	1	5	95
267	1	30	70
268	1	17	83
269	1	0	100
270	1	0	100
271	1	0	100
272	1	0	100
273	1	0	100
274	1	0	100
275	1	0	100
276	0	0	100
277	1	0	100
278	1	0	100
279	1	0	100
280	1	0	100
281	1	0	100
282	1	0	100
283	1	0	100
284	1	0	100
285	1	6	94
286	0	0	100
287	1	13	87
288	1	0	100
289	1	0	100
290	1	0	100
291	0	0	100
292	1	0	100
293	1	0	100
294	1	0	100
295	1	0	100
296	1	0	100
297	1	0	100
298	1	1	99
299	1	0	100
300	0	1	99
301	1	0	100
302	1	0	100
303	1	1	99
304	1	0	100
305	1	0	100
306	1	0	100
307	1	0	100
308	1	0	100
309	1	0	100
310	1	0	100
311	1	0	100
312	1	2	98
313	1	1	99
314	1	0	100
315	1	25	75
316	1	0	100
317	1	0	100
318	1	0	100
319	1	1	99
320	0	0	100
321	1	4	96
322	1	0	100
323	1	0	100
324	1	4	96
325	1	0	100
326	0	0	100
327	1	0	100
328	1	0	100
329	1	0	100
330	1	1	99
331	1	1	99
332	1	0	100
333	1	0	100
334	1	43	57
335	1	27	73
336	1	0	100
337	1	1	99
338	1	0	100
339	1	0	100
340	1	0	100
341	1	0	100
342	1	1	99
343	1	35	65
344	1	0	100
345	0	0	100
346	1	0	100
347	1	0	100
348	1	0	100
349	1	0	100
350	1	0	100
351	1	0	100
352	0	0	100
353	1	0	100
354	1	4	96
355	1	0	100
356	1	0	100
357	1	0	100
358	0	0	100
359	1	1	99
360	1	35	65
361	1	0	100
362	1	0	100
363	1	1	99
364	1	4	96
365	1	0	100
366	1	0	100
367	1	7	93
368	0	0	100
369	1	0	100
370	1	0	100
371	1	0	100
372	1	27	73
373	1	0	100
374	1	0	100
375	1	0	100
376	1	8	92
377	1	0	100
378	1	0	100
379	1	0	100
380	1	0	100
381	1	0	100
382	1	2	98
383	1	0	100
384	1	1	99
385	1	0	100
386	1	16	84
387	1	0	100
388	1	0	100
389	0	0	100
390	1	1	99
391	1	0	100
392	1	0	100
393	1	0	100
394	1	0	100
395	1	0	100
396	1	0	100
397	1	0	100
398	1	0	100
399	1	3	97
400	1	0	100
401	1	1	99
402	1	0	100
403	1	0	100
404	1	0	100
405	1	0	100
406	1	0	100
407	1	0	100
408	1	0	100
409	1	0	100
410	1	0	100
411	1	0	100
412	1	0	100
413	0	0	100
414	1	0	100
415	1	0	100
416	1	0	100
417	1	0	100
418	1	4	96
419	0	0	100
420	1	0	100
421	1	0	100
422	1	0	100
423	1	0	100
424	0	2	98
425	1	0	100
426	1	1	99
427	1	0	100
428	1	0	100
429	1	2	98
430	1	0	100
431	1	0	100
432	1	80	20
433	1	0	100
434	1	0	100
435	1	6	94
436	1	1	99
437	1	2	98
438	1	0	100
439	1	0	100
440	1	0	100
441	0	0	100
442	1	0	100
443	1	0	100
444	1	1	99
445	1	0	100
446	1	0	100
447	1	1	99
448	1	12	88
449	1	0	100
450	1	0	100
451	1	0	100
452	1	0	100
453	1	0	100
454	1	0	100
455	1	0	100
456	1	0	100
457	0	0	100
458	1	0	100
459	1	1	99
460	1	0	100
461	1	22	78
462	1	0	100
463	1	0	100
464	1	0	100
465	1	0	100
466	1	0	100
467	1	0	100
468	1	0	100
469	1	0	100
470	1	0	100
471	1	0	100
472	1	0	100
473	1	2	98
474	1	0	100
475	1	0	100
476	1	2	98
477	1	0	100
478	1	0	100
479	1	0	100
480	1	0	100
481	1	2	98
482	1	0	100
483	1	0	100
484	1	0	100
485	1	0	100
486	1	0	100
487	1	0	100
488	1	4	96
489	1	0	100
490	1	0	100
491	1	0	100
492	1	2	98
493	1	0	100
494	1	3	97
495	1	0	100
496	1	0	100
497	1	0	100
498	1	0	100
499	1	0	100
500	1	0	100
501	1	0	100
502	1	0	100
503	1	0	100
504	1	0	100
505	1	0	100
506	1	1	99
507	1	55	45
508	1	5	95
509	1	0	100
510	1	0	100
511	1	0	100
512	1	0	100
513	1	0	100
514	1	0	100
515	1	0	100
516	1	0	100
517	1	0	100
518	1	0	100
519	0	0	100
520	1	0	100
521	1	0	100
522	1	0	100
523	1	0	100
524	1	0	100
525	1	0	100
526	1	0	100
527	1	0	100
528	1	0	100
529	1	0	100
530	1	0	100
531	1	0	100
532	1	0	100
533	1	0	100
534	1	0	100
535	1	0	100
536	1	3	97
537	1	0	100
538	1	0	100
539	1	0	100
540	1	0	100
541	1	1	99
542	1	1	99
543	1	0	100
544	1	1	99
545	1	10	90
546	1	0	100
547	1	0	100
548	1	0	100
549	1	0	100
550	1	0	100
551	1	0	100
552	1	0	100
553	1	0	100
554	1	0	100
555	1	3	97
556	1	2	98
557	1	0	100
558	1	0	100
559	1	0	100
560	1	0	100
561	1	0	100
562	0	0	100
563	1	0	100
564	1	1	99
565	1	0	100
566	1	0	100
567	1	0	100
568	1	0	100
569	1	0	100
570	1	0	100
571	1	1	99
572	1	0	100
573	1	0	100
574	1	0	100
575	1	1	99
576	1	0	100
577	1	0	100
578	1	0	100
579	1	0	100
580	1	0	100
581	1	0	100
582	1	1	99
583	1	0	100
584	1	0	100
585	1	0	100
586	1	71	29
587	1	0	100
588	1	0	100
589	1	0	100
590	1	0	100
591	1	4	96
592	1	0	100
593	1	17	83
594	1	0	100
595	1	0	100
596	1	0	100
597	1	0	100
598	1	0	100
599	1	0	100
600	1	3	97
601	1	0	100
602	1	0	100
603	1	0	100
604	1	0	100
605	1	0	100
606	1	0	100
607	1	0	100
608	1	0	100
609	1	4	96
610	1	0	100
611	1	0	100
612	1	15	85
613	1	0	100
614	1	0	100
615	1	0	100
616	1	0	100
617	1	0	100
618	1	0	100
619	1	0	100
620	1	0	100
621	1	0	100
622	1	0	100
623	1	0	100
624	1	0	100
625	1	0	100
626	1	0	100
627	1	0	100
628	1	0	100
629	1	0	100
630	1	0	100
631	1	0	100
632	1	0	100
633	1	0	100
634	1	0	100
635	1	0	100
636	1	0	100
637	1	0	100
638	1	0	100
639	0	0	100
640	1	0	100
641	1	0	100
642	1	17	83
643	0	1	99
644	1	0	100
645	1	3	97
646	1	0	100
647	1	0	100
648	1	0	100
649	1	0	100
650	1	0	100
651	1	7	93
652	1	1	99
653	1	0	100
654	1	0	100
655	1	0	100
656	1	2	98
657	1	13	87
658	1	0	100
659	1	0	100
660	1	0	100
661	1	2	98
662	1	0	100
663	1	0	100
664	1	1	99
665	1	0	100
666	1	0	100
667	1	0	100
668	1	1	99
669	1	0	100
670	1	0	100
671	1	0	100
672	1	0	100
673	1	0	100
674	0	1	99
675	1	0	100
676	1	0	100
677	1	0	100
678	1	0	100
679	1	0	100
680	1	0	100
681	1	0	100
682	1	0	100
683	1	4	96
684	1	0	100
685	1	13	87
686	1	0	100
687	1	0	100
688	1	0	100
689	1	0	100
690	1	0	100
691	1	0	100
692	1	0	100
693	1	0	100
694	1	0	100
695	1	1	99
696	1	0	100
697	1	0	100
698	1	0	100
699	1	0	100
700	1	1	99
701	1	0	100
702	1	0	100
703	1	0	100
704	1	0	100
705	1	0	100
706	0	0	100
707	1	0	100
708	1	0	100
709	1	58	42
710	1	98	2
711	1	0	100
712	1	0	100
713	1	0	100
714	1	14	86
715	1	3	97
716	1	2	98
717	1	0	100
718	0	0	100
719	1	0	100
720	1	0	100
721	1	0	100
722	1	39	61
723	1	0	100
724	1	0	100
725	1	0	100
726	1	1	99
727	1	0	100
728	1	0	100
729	1	0	100
730	1	0	100
731	1	0	100
732	1	28	72
733	1	0	100
734	1	9	91
735	1	0	100
736	1	1	99
737	0	0	100
738	1	0	100
739	1	17	83
740	1	0	100
741	1	0	100
742	1	7	93
743	1	0	100
744	1	0	100
745	1	0	100
746	1	0	100
747	1	0	100
748	1	2	98
749	1	0	100
750	1	0	100
751	1	0	100
752	1	0	100
753	1	0	100
754	1	0	100
755	1	1	99
756	0	0	100
757	1	1	99
758	1	0	100
759	1	0	100
760	1	0	100
761	1	0	100
762	1	0	100
763	0	0	100
764	1	0	100
765	1	0	100
766	1	0	100
767	1	0	100
768	1	0	100
769	1	0	100
770	1	0	100
771	1	0	100
772	1	0	100
773	1	0	100
774	1	4	96
775	1	1	99
776	1	0	100
777	1	1	99
778	1	0	100
779	1	0	100
780	1	0	100
781	1	0	100
782	1	0	100
783	1	0	100
784	1	0	100
785	1	0	100
786	1	0	100
787	1	0	100
788	1	0	100
789	1	1	99
790	1	2	98
791	0	0	100
792	1	1	99
793	1	0	100
794	1	5	95
795	1	0	100
796	1	5	95
797	1	0	100
798	0	0	100
799	1	8	92
800	1	0	100
801	1	0	100
802	0	0	100
803	1	8	92
804	1	0	100
805	1	0	100
806	1	0	100
807	0	0	100
808	1	0	100
809	1	0	100
810	1	9	91
811	1	0	100
812	1	7	93
813	1	0	100
814	1	0	100
815	1	0	100
816	1	2	98
817	1	0	100
818	1	0	100
819	1	0	100
820	0	0	100
821	1	56	44
822	1	28	72
823	1	0	100
824	1	0	100
825	1	0	100
826	1	0	100
827	1	0	100
828	1	0	100
829	1	0	100
830	1	2	98
831	1	0	100
832	1	13	87
833	1	0	100
834	1	2	98
835	1	0	100
836	1	0	100
837	1	1	99
838	1	0	100
839	1	0	100
840	1	6	94
841	0	0	100
842	1	0	100
843	1	1	99
844	1	1	99
845	1	0	100
846	1	0	100
847	1	0	100
848	1	0	100
849	1	0	100
850	1	0	100
851	1	0	100
852	1	0	100
853	1	0	100
854	1	0	100
855	1	57	43
856	1	1	99
857	1	0	100
858	1	0	100
859	1	7	93
860	1	0	100
861	1	0	100
862	1	0	100
863	0	0	100
864	1	0	100
865	1	2	98
866	1	0	100
867	1	0	100
868	1	2	98
869	1	0	100
870	1	0	100
871	1	3	97
872	1	0	100
873	1	0	100
874	1	0	100
875	1	0	100
876	1	0	100
877	1	0	100
878	0	2	98
879	0	0	100
880	1	99	1
881	1	0	100
882	1	0	100
883	1	0	100
884	1	75	25
885	1	0	100
886	1	1	99
887	1	0	100
888	1	0	100
889	1	0	100
890	1	0	100
891	1	0	100
892	1	0	100
893	1	0	100
894	1	0	100
895	1	0	100
896	1	0	100
897	1	5	95
898	1	0	100
899	1	2	98
900	1	42	58
901	1	0	100
902	1	0	100
903	1	1	99
904	1	12	88
905	1	0	100
906	1	0	100
907	1	0	100
908	1	1	99
909	1	0	100
910	1	0	100
911	1	0	100
912	1	0	100
913	1	0	100
914	1	0	100
915	1	0	100
916	1	0	100
917	1	0	100
918	1	0	100
919	1	2	98
920	1	0	100
921	1	0	100
922	1	6	94
923	1	0	100
924	1	0	100
925	1	12	88
926	1	0	100
927	1	0	100
928	1	0	100
929	1	0	100
930	1	0	100
931	1	1	99
932	1	0	100
933	1	0	100
934	1	0	100
935	1	0	100
936	1	0	100
937	1	0	100
938	1	0	100
939	1	0	100
940	1	0	100
941	1	0	100
942	1	0	100
943	1	0	100
944	1	0	100
945	1	0	100
946	1	0	100
947	1	0	100
948	1	0	100
949	1	0	100
950	1	0	100
951	1	0	100
952	1	0	100
953	1	0	100
954	1	0	100
955	1	0	100
956	1	0	100
957	1	0	100
958	1	3	97
959	1	0	100
960	1	0	100
961	1	0	100
962	1	0	100
963	1	0	100
964	1	0	100
965	1	0	100
966	1	0	100
967	1	1	99
968	1	0	100
969	1	1	99
970	1	0	100
971	1	0	100
972	1	0	100
973	1	0	100
974	1	1	99
975	1	0	100
976	1	0	100
977	1	0	100
978	1	0	100
979	1	0	100
980	1	0	100
981	1	0	100
982	1	0	100
983	1	0	100
984	1	0	100
985	1	0	100
986	1	0	100
987	1	0	100
988	1	3	97
989	1	0	100
990	0	0	100
991	1	0	100
992	1	0	100
993	1	0	100
994	1	0	100
995	1	0	100
996	1	0	100
997	1	0	100
998	1	13	87
999	1	0	100
1000	0	0	100
1001	1	0	100
1002	1	0	100
1003	1	0	100
1004	1	0	100
1005	1	0	100
1006	1	0	100
1007	1	0	100
1008	1	32	68
1009	1	0	100
1010	1	0	100
1011	1	0	100
1012	0	0	100
1013	1	2	98
1014	1	3	97
1015	1	0	100
1016	1	0	100
1017	1	0	100
1018	1	2	98
1019	1	0	100
1020	1	0	100
1021	1	1	99
1022	1	0	100
1023	1	0	100
1024	1	0	100
1025	1	0	100
1026	1	0	100
1027	1	0	100
1028	1	0	100
1029	1	0	100
1030	1	0	100
1031	1	0	100
1032	1	0	100
1033	1	0	100
1034	1	0	100
1035	1	0	100
1036	1	0	100
1037	1	0	100
1038	1	0	100
1039	1	0	100
1040	0	1	99
1041	1	0	100
1042	1	0	100
1043	1	1	99
1044	1	6	94
1045	1	10	90
1046	0	0	100
1047	1	0	100
1048	1	0	100
1049	1	0	100
1050	1	0	100
1051	1	0	100
1052	0	0	100
1053	1	0	100
1054	1	0	100
1055	1	0	100
1056	1	0	100
1057	1	0	100
1058	1	0	100
1059	1	43	57
1060	1	0	100
1061	1	0	100
1062	1	0	100
1063	1	0	100
1064	1	0	100
1065	1	0	100
1066	1	0	100
1067	1	0	100
1068	1	0	100
1069	1	0	100
1070	1	4	96
1071	1	0	100
1072	1	0	100
1073	1	0	100
1074	1	0	100
1075	1	0	100
1076	1	2	98
1077	1	2	98
1078	1	0	100
1079	1	0	100
1080	1	0	100
1081	1	0	100
1082	1	1	99
1083	0	0	100
1084	1	1	99
1085	0	1	99
1086	1	0	100
1087	1	0	100
1088	1	70	30
1089	1	0	100
1090	1	0	100
1091	1	0	100
1092	1	3	97
1093	1	0	100
1094	1	0	100
1095	1	0	100
1096	1	0	100
1097	1	3	97
1098	0	0	100
1099	1	24	76
1100	1	0	100
1101	1	0	100
1102	1	0	100
1103	1	0	100
1104	1	0	100
1105	1	1	99
1106	1	0	100
1107	1	0	100
1108	1	0	100
1109	1	5	95
1110	1	0	100
1111	1	0	100
1112	1	0	100
1113	1	15	85
1114	1	0	100
1115	1	1	99
1116	1	0	100
1117	1	0	100
1118	1	0	100
1119	1	6	94
1120	0	1	99
1121	1	0	100
1122	1	0	100
1123	0	0	100
1124	1	3	97
1125	1	0	100
1126	1	9	91
1127	1	1	99
1128	1	1	99
1129	1	0	100
1130	0	0	100
1131	1	0	100
1132	1	0	100
1133	1	0	100
1134	1	0	100
1135	1	0	100
1136	1	0	100
1137	1	0	100
1138	1	0	100
1139	1	0	100
1140	1	0	100
1141	1	0	100
1142	1	0	100
1143	1	0	100
1144	1	0	100
1145	1	0	100
1146	1	0	100
1147	1	1	99
1148	1	0	100
1149	1	0	100
1150	1	0	100
1151	1	1	99
1152	1	0	100
1153	1	0	100
1154	1	9	91
1155	1	22	78
1156	1	0	100
1157	1	0	100
1158	1	0	100
1159	1	0	100
1160	1	0	100
1161	1	0	100
1162	1	0	100
1163	1	0	100
1164	0	0	100
1165	1	0	100
1166	1	4	96
1167	1	0	100
1168	1	0	100
1169	1	0	100
1170	1	1	99
1171	1	0	100
1172	0	0	100
1173	1	0	100
1174	0	0	100
1175	1	1	99
1176	1	7	93
1177	1	0	100
1178	1	0	100
1179	1	0	100
1180	1	0	100
1181	1	0	100
1182	1	0	100
1183	1	0	100
1184	1	0	100
1185	1	0	100
1186	1	0	100
1187	1	0	100
1188	1	0	100
1189	1	0	100
1190	1	1	99
1191	0	0	100
1192	1	1	99
1193	1	0	100
1194	1	0	100
1195	1	0	100
1196	1	0	100
1197	1	0	100
1198	1	0	100
1199	1	0	100
1200	0	0	100
1201	1	99	1
1202	1	0	100
1203	1	0	100
1204	1	0	100
1205	1	0	100
1206	1	0	100
1207	1	0	100
1208	1	0	100
1209	1	0	100
1210	1	0	100
1211	1	0	100
1212	1	0	100
1213	1	0	100
1214	0	0	100
1215	1	0	100
1216	1	0	100
1217	1	44	56
1218	1	5	95
1219	1	1	99
1220	1	0	100
1221	1	0	100
1222	1	0	100
1223	1	6	94
1224	1	0	100
1225	1	0	100
1226	1	0	100
1227	1	0	100
1228	1	3	97
1229	1	0	100
1230	1	0	100
1231	1	0	100
1232	1	0	100
1233	1	0	100
1234	0	0	100
1235	1	0	100
1236	1	0	100
1237	1	3	97
1238	1	0	100
1239	1	0	100
1240	1	0	100
1241	1	0	100
1242	1	2	98
1243	1	0	100
1244	1	0	100
1245	1	0	100
1246	1	0	100
1247	1	0	100
1248	1	0	100
1249	1	0	100
1250	1	1	99
1251	1	0	100
1252	1	0	100
1253	1	0	100
1254	1	0	100
1255	1	0	100
1256	1	0	100
1257	1	0	100
1258	1	0	100
1259	1	1	99
1260	1	0	100
1261	1	1	99
1262	1	0	100
1263	1	0	100
1264	1	0	100
1265	1	5	95
1266	1	2	98
1267	1	0	100
1268	1	0	100
1269	1	0	100
1270	1	1	99
1271	1	0	100
1272	1	0	100
1273	1	1	99
1274	1	7	93
1275	1	0	100
1276	1	0	100
1277	1	0	100
1278	1	0	100
1279	1	1	99
1280	1	0	100
1281	1	0	100
1282	1	2	98
1283	1	0	100
1284	0	0	100
1285	1	0	100
1286	1	0	100
1287	1	0	100
1288	1	0	100
1289	1	1	99
1290	1	0	100
1291	1	0	100
1292	1	0	100
1293	1	0	100
1294	1	0	100
1295	1	0	100
1296	1	31	69
1297	1	1	99
1298	1	0	100
1299	1	0	100
1300	1	0	100
1301	1	0	100
1302	1	0	100
1303	1	0	100
1304	0	0	100
1305	1	0	100
1306	1	0	100
1307	1	0	100
1308	1	2	98
1309	1	0	100
1310	1	0	100
1311	1	0	100
1312	1	1	99
1313	1	0	100
1314	1	0	100
1315	1	0	100
1316	0	0	100
1317	1	0	100
1318	1	0	100
1319	1	0	100
1320	1	0	100
1321	1	0	100
1322	1	81	19
1323	1	0	100
1324	1	1	99
1325	1	1	99
1326	1	0	100
1327	1	8	92
1328	1	0	100
1329	1	0	100
1330	1	28	72
1331	1	0	100
1332	1	1	99
1333	1	0	100
1334	1	0	100
1335	1	0	100
1336	1	0	100
1337	1	2	98
1338	1	0	100
1339	1	0	100
1340	1	0	100
1341	0	0	100
1342	1	0	100
1343	1	0	100
1344	0	1	99
1345	1	0	100
1346	1	0	100
1347	1	0	100
1348	1	4	96
1349	1	2	98
1350	1	0	100
1351	1	0	100
1352	1	7	93
1353	1	0	100
1354	1	0	100
1355	1	8	92
1356	1	0	100
1357	1	0	100
1358	1	0	100
1359	1	0	100
1360	1	0	100
1361	1	1	99
1362	1	0	100
1363	1	0	100
1364	1	0	100
1365	1	0	100
1366	1	0	100
1367	1	0	100
1368	1	5	95
1369	1	1	99
1370	1	0	100
1371	1	0	100
1372	1	0	100
1373	1	0	100
1374	1	0	100
1375	0	0	100
1376	1	0	100
1377	1	16	84
1378	1	0	100
1379	1	0	100
1380	1	0	100
1381	1	0	100
1382	1	0	100
1383	1	0	100
1384	1	13	87
1385	1	0	100
1386	0	0	100
1387	1	0	100
1388	1	0	100
1389	1	0	100
1390	1	0	100
1391	0	0	100
1392	1	3	97
1393	1	0	100
1394	1	0	100
1395	0	1	99
1396	1	0	100
1397	1	0	100
1398	1	0	100
1399	1	0	100
1400	1	0	100
1401	1	0	100
1402	0	0	100
1403	1	0	100
1404	1	0	100
1405	1	0	100
1406	1	0	100
1407	1	0	100
1408	1	0	100
1409	1	0	100
1410	1	3	97
1411	1	0	100
1412	1	0	100
1413	1	1	99
1414	0	0	100
1415	1	0	100
1416	1	0	100
1417	1	0	100
1418	1	0	100
1419	1	0	100
1420	1	0	100
1421	1	14	86
1422	1	0	100
1423	1	3	97
1424	1	13	87
1425	1	0	100
1426	0	0	100
1427	1	0	100
1428	1	15	85
1429	1	1	99
1430	1	1	99
1431	1	0	100
1432	1	0	100
1433	1	0	100
1434	1	0	100
1435	1	0	100
1436	0	0	100
1437	1	0	100
1438	1	0	100
1439	1	0	100
1440	1	0	100
1441	1	0	100
1442	1	0	100
1443	1	0	100
1444	1	0	100
1445	0	0	100
1446	1	0	100
1447	1	0	100
1448	1	0	100
1449	1	0	100
1450	1	0	100
1451	1	0	100
1452	1	0	100
1453	1	40	60
1454	1	0	100
1455	1	0	100
1456	0	0	100
1457	1	0	100
1458	1	1	99
1459	1	3	97
1460	1	0	100
1461	1	0	100
1462	1	0	100
1463	1	0	100
1464	1	0	100
1465	1	0	100
1466	0	0	100
1467	1	0	100
1468	1	0	100
1469	1	0	100
1470	1	0	100
1471	1	0	100
1472	1	0	100
1473	1	0	100
1474	1	0	100
1475	1	0	100
1476	1	0	100
1477	1	0	100
1478	1	0	100
1479	1	10	90
1480	1	0	100
1481	1	0	100
1482	1	0	100
1483	0	0	100
1484	1	0	100
1485	1	3	97
1486	1	0	100
1487	1	0	100
1488	1	1	99
1489	1	0	100
1490	1	1	99
1491	1	0	100
1492	1	0	100
1493	1	0	100
1494	1	0	100
1495	1	0	100
1496	1	1	99
1497	1	0	100
1498	1	0	100
1499	1	0	100
1500	1	0	100
1501	1	1	99
1502	1	1	99
1503	1	0	100
1504	1	0	100
1505	1	0	100
1506	1	0	100
1507	1	0	100
1508	1	0	100
1509	1	0	100
1510	1	0	100
1511	1	0	100
1512	1	0	100
1513	1	0	100
1514	1	0	100
1515	1	0	100
1516	1	0	100
1517	1	0	100
1518	1	0	100
1519	1	1	99
1520	1	0	100
1521	1	0	100
1522	1	9	91
1523	1	0	100
1524	1	3	97
1525	1	19	81
1526	1	0	100
1527	1	4	96
1528	0	0	100
1529	1	0	100
1530	1	0	100
1531	1	0	100
1532	1	0	100
1533	1	0	100
1534	1	0	100
1535	1	0	100
1536	1	0	100
1537	1	0	100
1538	1	0	100
1539	1	0	100
1540	1	1	99
1541	1	0	100
1542	0	0	100
1543	1	0	100
1544	1	14	86
1545	1	0	100
1546	1	0	100
1547	1	2	98
1548	1	0	100
1549	1	2	98
1550	1	6	94
1551	1	0	100
1552	1	1	99
1553	1	0	100
1554	1	0	100
1555	1	12	88
1556	1	6	94
1557	1	0	100
1558	1	0	100
1559	1	0	100
1560	1	1	99
1561	1	1	99
1562	1	0	100
1563	1	0	100
1564	1	0	100
1565	1	0	100
1566	1	1	99
1567	1	2	98
1568	1	0	100
1569	1	0	100
1570	1	0	100
1571	1	0	100
1572	1	1	99
1573	1	0	100
1574	1	0	100
1575	1	0	100
1576	1	0	100
1577	1	0	100
1578	1	0	100
1579	1	2	98
1580	1	0	100
1581	1	0	100
1582	1	0	100
1583	1	0	100
1584	1	0	100
1585	1	52	48
1586	1	0	100
1587	1	84	16
1588	1	0	100
1589	1	7	93
1590	1	0	100
1591	1	0	100
1592	1	0	100
1593	1	10	90
1594	1	3	97
1595	1	0	100
1596	0	0	100
1597	1	0	100
1598	1	0	100
1599	1	0	100
1600	1	0	100
1601	1	0	100
1602	1	0	100
1603	1	0	100
1604	1	9	91
1605	1	0	100
1606	0	0	100
1607	1	0	100
1608	1	0	100
1609	1	0	100
1610	1	0	100
1611	0	0	100
1612	1	0	100
1613	1	3	97
1614	1	0	100
1615	1	0	100
1616	1	42	58
1617	1	44	56
1618	1	0	100
1619	1	0	100
1620	1	0	100
1621	1	0	100
1622	1	0	100
1623	1	0	100
1624	1	1	99
1625	1	39	61
1626	1	0	100
1627	1	1	99
1628	1	0	100
1629	1	1	99
1630	1	0	100
1631	1	0	100
1632	1	1	99
1633	1	0	100
1634	0	0	100
1635	1	0	100
1636	1	0	100
1637	1	0	100
1638	1	0	100
1639	1	7	93
1640	1	0	100
1641	1	44	56
1642	1	0	100
1643	1	0	100
1644	1	0	100
1645	1	0	100
1646	1	0	100
1647	1	0	100
1648	1	0	100
1649	1	0	100
1650	1	0	100
1651	1	0	100
1652	1	0	100
1653	1	0	100
1654	1	0	100
1655	1	0	100
1656	1	0	100
1657	1	0	100
1658	1	0	100
1659	1	0	100
1660	1	1	99
1661	1	2	98
1662	1	0	100
1663	1	0	100
1664	1	0	100
1665	1	1	99
1666	1	0	100
1667	1	0	100
1668	1	0	100
1669	1	0	100
1670	1	1	99
1671	1	0	100
1672	0	0	100
1673	1	0	100
1674	1	2	98
1675	1	0	100
1676	1	0	100
1677	1	0	100
1678	1	0	100
1679	1	0	100
1680	1	0	100
1681	1	0	100
1682	1	0	100
1683	1	0	100
1684	1	1	99
1685	1	2	98
1686	1	0	100
1687	1	0	100
1688	1	0	100
1689	1	0	100
1690	1	0	100
1691	1	0	100
1692	1	92	8
1693	1	0	100
1694	1	0	100
1695	1	0	100
1696	1	0	100
1697	1	0	100
1698	1	0	100
1699	1	0	100
1700	1	0	100
1701	1	0	100
1702	1	0	100
1703	1	0	100
1704	1	0	100
1705	1	0	100
1706	1	0	100
1707	0	0	100
1708	1	0	100
1709	1	0	100
1710	1	0	100
1711	1	0	100
1712	1	0	100
1713	1	1	99
1714	1	1	99
1715	1	0	100
1716	1	0	100
1717	1	6	94
1718	1	0	100
1719	1	0	100
1720	1	0	100
1721	1	0	100
1722	1	0	100
1723	1	1	99
1724	1	0	100
1725	1	0	100
1726	1	34	66
1727	1	0	100
1728	1	14	86
1729	1	4	96
1730	1	0	100
1731	1	1	99
1732	1	0	100
1733	1	0	100
1734	1	0	100
1735	1	0	100
1736	1	6	94
1737	1	0	100
1738	1	19	81
1739	1	0	100
1740	1	0	100
1741	1	9	91
1742	1	0	100
1743	1	0	100
1744	1	0	100
1745	1	0	100
1746	1	1	99
1747	1	9	91
1748	1	4	96
1749	1	0	100
1750	1	0	100
1751	1	0	100
1752	1	29	71
1753	1	0	100
1754	1	0	100
1755	0	0	100
1756	1	0	100
1757	0	0	100
1758	1	11	89
1759	1	0	100
1760	1	0	100
1761	1	2	98
1762	1	0	100
1763	1	0	100
1764	1	0	100
1765	1	0	100
1766	1	0	100
1767	0	0	100
1768	1	0	100
1769	1	0	100
1770	1	0	100
1771	1	63	37
1772	1	97	3
1773	1	0	100
1774	1	0	100
1775	1	0	100
1776	1	0	100
1777	1	0	100
1778	1	0	100
1779	1	0	100
1780	1	0	100
1781	1	2	98
1782	0	0	100
1783	1	0	100
1784	1	0	100
1785	1	0	100
1786	1	0	100
1787	1	0	100
1788	1	0	100
1789	1	0	100
1790	1	0	100
1791	1	0	100
1792	0	0	100
1793	1	0	100
1794	1	0	100
1795	1	0	100
1796	1	1	99
1797	1	0	100
1798	1	0	100
1799	1	0	100
1800	1	0	100
1801	1	0	100
1802	1	0	100
1803	1	0	100
1804	1	0	100
1805	1	61	39
1806	1	0	100
1807	1	0	100
1808	1	6	94
1809	1	0	100
1810	1	0	100
1811	1	0	100
1812	1	24	76
1813	1	1	99
1814	1	0	100
1815	1	0	100
1816	1	0	100
1817	1	0	100
1818	1	0	100
1819	1	5	95
1820	1	0	100
1821	1	0	100
1822	1	0	100
1823	1	0	100
1824	1	0	100
1825	1	0	100
1826	1	0	100
1827	1	0	100
1828	1	0	100
1829	1	0	100
1830	1	15	85
1831	1	23	77
1832	1	0	100
1833	1	0	100
1834	1	0	100
1835	0	0	100
1836	0	0	100
1837	1	0	100
1838	1	0	100
1839	1	0	100
1840	1	0	100
1841	1	0	100
1842	1	0	100
1843	1	1	99
1844	1	15	85
1845	1	0	100
1846	1	0	100
1847	1	0	100
1848	1	0	100
1849	1	0	100
1850	1	0	100
1851	1	0	100
1852	1	0	100
1853	1	0	100
1854	1	0	100
1855	1	0	100
1856	1	0	100
1857	1	2	98
1858	1	2	98
1859	1	0	100
1860	1	34	66
1861	1	0	100
1862	1	0	100
1863	1	0	100
1864	1	1	99
1865	1	4	96
1866	1	0	100
1867	1	0	100
1868	1	0	100
1869	1	0	100
1870	1	0	100
1871	1	51	49
1872	1	0	100
1873	1	0	100
1874	1	0	100
1875	1	0	100
1876	1	0	100
1877	1	0	100
1878	1	0	100
1879	1	25	75
1880	1	0	100
1881	1	0	100
1882	1	0	100
1883	1	0	100
1884	1	0	100
1885	1	0	100
1886	1	0	100
1887	0	0	100
1888	1	0	100
1889	1	0	100
1890	1	0	100
1891	1	0	100
1892	1	0	100
1893	1	0	100
1894	1	1	99
1895	1	0	100
1896	1	0	100
1897	1	0	100
1898	1	0	100
1899	1	0	100
1900	1	0	100
1901	1	0	100
1902	1	2	98
1903	1	0	100
1904	1	18	82
1905	1	0	100
1906	1	0	100
1907	1	32	68
1908	1	0	100
1909	1	0	100
1910	1	0	100
1911	1	0	100
1912	1	0	100
1913	1	0	100
1914	1	0	100
1915	1	7	93
1916	1	0	100
1917	1	0	100
1918	1	0	100
1919	1	9	91
1920	1	0	100
1921	1	0	100
1922	1	0	100
1923	0	0	100
1924	1	2	98
1925	1	0	100
1926	1	50	50
1927	1	0	100
1928	1	0	100
1929	1	0	100
1930	1	0	100
1931	1	0	100
1932	1	0	100
1933	1	0	100
1934	1	0	100
1935	1	16	84
1936	1	0	100
1937	1	0	100
1938	1	0	100
1939	1	0	100
1940	0	0	100
1941	1	10	90
1942	1	0	100
1943	1	0	100
1944	1	0	100
1945	1	0	100
1946	1	0	100
1947	1	0	100
1948	1	0	100
1949	1	0	100
1950	1	0	100
1951	1	0	100
1952	1	0	100
1953	1	0	100
1954	1	0	100
1955	1	0	100
1956	1	0	100
1957	1	0	100
1958	1	0	100
1959	1	0	100
1960	0	0	100
1961	1	0	100
1962	1	0	100
1963	1	0	100
1964	1	0	100
1965	1	1	99
1966	1	0	100
1967	0	0	100
1968	1	0	100
1969	1	23	77
1970	1	0	100
1971	1	2	98
1972	1	60	40
1973	0	0	100
1974	1	5	95
1975	1	3	97
1976	1	0	100
1977	1	0	100
1978	1	18	82
1979	1	0	100
1980	1	18	82
1981	1	0	100
1982	1	0	100
1983	1	0	100
1984	0	2	98
1985	1	0	100
1986	1	3	97
1987	1	26	74
1988	1	0	100
1989	1	0	100
1990	1	1	99
1991	1	0	100
1992	1	0	100
1993	1	0	100
1994	1	0	100
1995	1	51	49
1996	1	0	100
1997	1	5	95
1998	1	0	100
1999	1	83	17
2000	1	12	88
2001	1	0	100
2002	1	0	100
2003	1	2	98
2004	1	0	100
2005	1	0	100
2006	1	0	100
2007	1	1	99
2008	1	0	100
2009	1	0	100
2010	1	0	100
2011	1	0	100
2012	1	0	100
2013	1	3	97
2014	1	1	99
2015	1	0	100
2016	1	0	100
2017	1	0	100
2018	1	2	98
2019	1	0	100
2020	1	0	100
2021	1	0	100
2022	1	0	100
2023	1	0	100
2024	1	0	100
2025	1	0	100
2026	1	0	100
2027	0	0	100
2028	1	57	43
2029	1	0	100
2030	1	0	100
2031	1	0	100
2032	1	0	100
2033	1	0	100
2034	1	19	81
2035	1	0	100
2036	1	0	100
2037	1	1	99
2038	0	0	100
2039	1	0	100
2040	1	0	100
2041	1	0	100
2042	1	0	100
2043	0	0	100
2044	1	33	67
2045	1	0	100
2046	1	0	100
2047	1	0	100
2048	1	0	100
2049	1	0	100
2050	1	0	100
2051	1	0	100
2052	1	0	100
2053	1	3	97
2054	1	0	100
2055	1	0	100
2056	1	0	100
2057	1	0	100
2058	1	0	100
2059	1	0	100
2060	1	0	100
2061	1	0	100
2062	1	0	100
2063	1	0	100
2064	1	1	99
2065	1	0	100
2066	1	0	100
2067	1	31	69
2068	0	0	100
2069	1	0	100
2070	1	7	93
2071	1	0	100
2072	1	0	100
2073	1	0	100
2074	1	0	100
2075	1	0	100
2076	1	2	98
2077	1	0	100
2078	1	0	100
2079	1	0	100
2080	1	0	100
2081	1	0	100
2082	1	0	100
2083	1	0	100
2084	1	0	100
2085	1	0	100
2086	1	0	100
2087	1	0	100
2088	1	0	100
2089	1	0	100
2090	1	2	98
2091	1	2	98
2092	1	0	100
2093	0	0	100
2094	1	0	100
2095	1	1	99
2096	1	0	100
2097	1	0	100
2098	1	57	43
2099	1	0	100
2100	1	0	100
2101	1	0	100
2102	1	0	100
2103	1	0	100
2104	1	0	100
2105	1	50	50
2106	0	0	100
2107	0	0	100
2108	1	0	100
2109	1	0	100
2110	1	0	100
2111	0	0	100
2112	0	0	100
2113	1	0	100
2114	1	0	100
2115	1	0	100
2116	1	0	100
2117	1	0	100
2118	1	0	100
2119	1	1	99
2120	1	0	100
2121	0	0	100
2122	1	0	100
2123	1	0	100
2124	1	1	99
2125	1	0	100
2126	1	41	59
2127	1	0	100
2128	1	3	97
2129	0	11	89
2130	1	0	100
2131	1	0	100
2132	1	0	100
2133	1	0	100
2134	1	0	100
2135	1	1	99
2136	1	1	99
2137	1	0	100
2138	1	0	100
2139	1	0	100
2140	1	16	84
2141	1	0	100
2142	1	0	100
2143	0	0	100
2144	1	0	100
2145	1	14	86
2146	1	0	100
2147	1	2	98
2148	1	0	100
2149	1	0	100
2150	1	0	100
2151	1	0	100
2152	1	0	100
2153	1	6	94
2154	1	0	100
2155	1	0	100
2156	1	4	96
2157	1	0	100
2158	1	0	100
2159	1	0	100
2160	1	0	100
2161	1	0	100
2162	1	0	100
2163	0	2	98
2164	1	0	100
2165	1	4	96
2166	1	0	100
2167	0	0	100
2168	0	0	100
2169	1	0	100
2170	1	0	100
2171	1	2	98
2172	1	0	100
2173	1	0	100
2174	1	0	100
2175	1	0	100
2176	1	0	100
2177	1	0	100
2178	1	0	100
2179	1	0	100
2180	1	0	100
2181	1	0	100
2182	1	0	100
2183	1	0	100
2184	1	13	87
2185	1	0	100
2186	1	0	100
2187	1	0	100
2188	1	0	100
2189	1	0	100
2190	1	0	100
2191	1	0	100
2192	1	2	98
2193	1	95	5
2194	1	0	100
2195	1	0	100
2196	1	0	100
2197	1	0	100
2198	1	26	74
2199	1	0	100
2200	1	0	100
2201	1	1	99
2202	1	0	100
2203	1	0	100
2204	1	0	100
2205	1	0	100
2206	0	0	100
2207	1	37	63
2208	1	0	100
2209	1	0	100
2210	1	0	100
2211	1	24	76
2212	1	0	100
2213	1	0	100
2214	1	0	100
2215	1	0	100
2216	1	0	100
2217	1	0	100
2218	1	2	98
2219	1	0	100
2220	1	0	100
2221	1	0	100
2222	1	0	100
2223	1	0	100
2224	1	0	100
2225	1	0	100
2226	1	1	99
2227	1	0	100
2228	1	0	100
2229	1	23	77
2230	1	2	98
2231	1	0	100
2232	1	0	100
2233	1	0	100
2234	1	0	100
2235	1	0	100
2236	1	0	100
2237	1	0	100
2238	1	0	100
2239	1	0	100
2240	1	0	100
2241	1	0	100
2242	1	0	100
2243	1	0	100
2244	1	0	100
2245	1	0	100
2246	1	13	87
2247	1	0	100
2248	1	3	97
2249	1	0	100
2250	1	0	100
2251	0	0	100
2252	1	0	100
2253	1	0	100
2254	1	0	100
2255	1	0	100
2256	1	0	100
2257	1	3	97
2258	1	0	100
2259	1	0	100
2260	1	0	100
2261	1	0	100
2262	1	1	99
2263	1	0	100
2264	1	0	100
2265	1	0	100
2266	1	0	100
2267	1	0	100
2268	1	14	86
2269	1	0	100
2270	1	0	100
2271	1	2	98
2272	1	0	100
2273	1	24	76
2274	1	0	100
2275	1	0	100
2276	0	0	100
2277	1	0	100
2278	1	0	100
2279	1	0	100
2280	1	0	100
2281	1	25	75
2282	1	0	100
2283	1	0	100
2284	1	0	100
2285	1	0	100
2286	1	0	100
2287	1	0	100
2288	1	0	100
2289	1	1	99
2290	0	0	100
2291	1	0	100
2292	1	0	100
2293	1	0	100
2294	1	0	100
2295	1	0	100
2296	1	0	100
2297	1	0	100
2298	1	0	100
2299	1	0	100
2300	1	0	100
2301	1	47	53
2302	1	0	100
2303	1	0	100
2304	1	0	100
2305	1	0	100
2306	1	0	100
2307	1	27	73
2308	1	2	98
2309	1	0	100
2310	1	0	100
2311	1	0	100
2312	1	0	100
2313	1	0	100
2314	1	0	100
2315	1	0	100
2316	1	0	100
2317	1	4	96
2318	0	0	100
2319	1	0	100
2320	1	0	100
2321	1	0	100
2322	1	3	97
2323	1	1	99
2324	1	0	100
2325	1	0	100
2326	1	0	100
2327	1	8	92
2328	1	0	100
2329	1	0	100
2330	1	0	100
2331	1	0	100
2332	1	0	100
2333	1	0	100
2334	1	89	11
2335	1	0	100
2336	1	0	100
2337	1	0	100
2338	1	0	100
2339	1	0	100
2340	1	0	100
2341	1	3	97
2342	1	0	100
2343	1	0	100
2344	1	1	99
2345	1	0	100
2346	1	5	95
2347	1	0	100
2348	1	0	100
2349	1	0	100
2350	1	0	100
2351	1	2	98
2352	0	0	100
2353	1	0	100
2354	1	0	100
2355	1	0	100
2356	0	0	100
2357	1	2	98
2358	1	0	100
2359	1	0	100
2360	1	0	100
2361	1	20	80
2362	1	0	100
2363	1	0	100
2364	1	0	100
2365	1	0	100
2366	1	11	89
2367	1	0	100
2368	1	0	100
2369	1	0	100
2370	1	0	100
2371	1	0	100
2372	0	0	100
2373	0	0	100
2374	0	0	100
2375	1	0	100
2376	1	0	100
2377	1	0	100
2378	1	0	100
2379	1	0	100
2380	1	0	100
2381	1	1	99
2382	1	0	100
2383	1	0	100
2384	1	0	100
2385	1	0	100
2386	1	1	99
2387	1	0	100
2388	0	0	100
2389	1	0	100
2390	1	1	99
2391	1	0	100
2392	1	0	100
2393	1	1	99
2394	1	0	100
2395	1	0	100
2396	1	0	100
2397	1	0	100
2398	1	0	100
2399	1	0	100
2400	1	0	100
2401	1	0	100
2402	1	1	99
2403	1	0	100
2404	1	0	100
2405	1	0	100
2406	1	0	100
2407	1	0	100
2408	1	0	100
2409	1	0	100
2410	1	0	100
2411	1	0	100
2412	1	0	100
2413	1	1	99
2414	1	0	100
2415	1	0	100
2416	1	0	100
2417	1	0	100
2418	1	0	100
2419	1	0	100
tmp_data/test_set.arff